1	17	2.60992
1	44	2.4064
1	91	2.12299
1	155	2.03859
1	157	2.02756
1	316	2.87336
1	390	2.59142
2	171	1.85815
2	188	2.13441
2	270	2.16989
2	352	2.30713
2	375	2.33259
2	405	3.02958
2	482	2.8299
3	752	0.220378
3	859	1.338
3	886	1.60779
3	924	2.56901
3	959	3.25182
3	979	3.73541
3	986	3.95217
4	700	1.12202
4	786	1.92308
4	804	2.14642
4	889	2.77236
4	891	2.97064
4	894	2.87019
4	898	2.86134
5	9	1.85203
5	728	0.115591
5	873	2.18475
5	924	2.88839
5	943	3.16407
5	979	4.0548
5	986	4.27156
6	68	1.64455
6	218	1.99724
6	378	2.164
6	394	2.24393
6	525	2.93567
6	533	2.62418
6	568	3.05809
7	739	1.69112
7	746	1.66713
7	773	2.10815
7	793	2.30301
7	844	2.75042
7	867	2.95745
7	879	3.18972
8	745	1.05906
8	841	1.90156
8	865	2.37043
8	878	2.21608
8	907	2.64025
8	925	3.19938
8	944	3.289
9	5	1.85203
9	991	2.50729
9	992	2.71576
9	994	2.80171
9	996	2.80216
9	998	3.0148
9	1000	2.96025
10	160	0.986604
10	732	7.63675
10	797	2.36448
10	817	2.73368
10	868	3.02644
10	885	3.49417
10	913	4.0594
11	66	2.19773
11	129	1.75652
11	197	2.46694
11	199	2.43575
11	273	2.41682
11	408	2.6998
11	433	2.69986
12	124	1.17209
12	504	2.37778
12	519	2.26929
12	520	2.28832
12	530	2.65181
12	580	3.11492
12	597	2.7968
13	824	0.323858
13	884	1.61671
13	926	2.94541
13	933	2.79687
13	945	3.02521
13	947	2.96222
13	949	3.09959
14	672	0.619567
14	731	1.17766
14	828	2.20195
14	845	2.59652
14	899	3.16017
14	908	3.34412
14	917	3.56802
15	905	4.39874
15	971	2.35653
15	973	2.34907
15	978	2.71412
15	988	2.87355
15	993	3.04822
15	997	3.41687
16	936	0.921148
16	960	1.89747
16	966	2.23214
16	978	2.71859
16	982	2.68054
16	988	2.87802
16	997	3.42135
17	1	2.60992
17	115	3.02605
17	155	2.57389
17	157	2.56287
17	277	2.77003
17	390	3.12672
17	973	13.8931
18	540	0.210467
18	821	1.84851
18	841	2.13009
18	896	2.6793
18	907	2.86878
18	925	3.4279
18	944	3.51753
19	218	1.95415
19	242	1.82878
19	350	2.27818
19	378	2.12091
19	525	2.89258
19	533	2.58109
19	568	3.015
20	813	0.137411
20	909	1.45073
20	958	2.45696
20	965	2.62801
20	985	3.21824
20	989	3.2401
20	999	3.54996
21	128	2.25027
21	178	2.10844
21	250	2.46824
21	298	2.16401
21	311	2.49613
21	409	2.40126
21	555	2.78284
22	952	1.69604
22	967	2.65993
22	972	2.45707
22	983	2.9855
22	985	2.99483
22	989	3.0167
22	999	3.32655
23	99	1.50224
23	107	1.85203
23	398	2.57605
23	407	2.78813
23	622	3.26359
23	636	3.04205
23	650	3.4964
24	367	1.06538
24	620	1.91668
24	631	1.65794
24	731	7.63675
24	840	3.58883
24	895	4.09194
24	910	4.34486
25	97	1.85203
25	756	2.39564
25	791	2.57915
25	794	2.80921
25	812	2.95579
25	825	2.89214
25	856	3.18321
26	627	0.497736
26	833	1.14046
26	887	2.15564
26	918	3.17819
26	922	3.16544
26	927	3.30478
26	934	3.31374
27	114	1.3292
27	206	1.59787
27	392	2.34172
27	496	2.35821
27	550	2.49708
27	670	2.96461
27	726	3.58486
28	585	1.3657
28	702	1.72612
28	762	2.39244
28	764	2.44781
28	795	2.62859
28	835	2.94644
28	862	3.16474
29	55	1.88761
29	86	1.79654
29	113	2.45644
29	251	2.37013
29	338	2.76
29	385	2.40746
29	465	2.99034
30	725	0.43208
30	842	1.67483
30	882	2.47633
30	893	2.60646
30	920	3.13289
30	923	3.11097
30	931	3.2324
31	603	1.69335
31	682	2.13672
31	722	2.32813
31	760	2.64487
31	770	2.4864
31	777	2.72048
31	787	2.66256
32	602	5.23832
32	684	1.99296
32	735	2.42488
32	754	2.54893
32	815	3.20062
32	823	3.03566
32	874	3.46464
33	133	1.45512
33	248	1.21571
33	521	2.56753
33	600	2.64765
33	612	2.80885
33	685	2.9867
33	696	2.9868
34	90	2.06013
34	236	2.06125
34	319	2.29987
34	417	2.16951
34	476	2.34543
34	527	2.76158
34	605	2.9685
35	94	2.70113
35	163	2.51953
35	193	2.90587
35	200	2.56736
35	349	2.72058
35	388	3.25403
35	930	5.76395
36	39	1.85203
36	291	0.658496
36	775	2.69096
36	815	3.36818
36	823	3.20322
36	827	3.11179
36	874	3.6322
37	556	4.68722
37	984	2.3764
37	992	2.74151
37	994	2.82747
37	996	2.82792
37	998	3.04055
37	1000	2.98601
38	48	2.7318
38	127	2.27203
38	180	2.70933
38	298	2.66804
38	311	3.00016
38	555	3.28687
38	691	6.4
39	36	1.85203
39	649	1.83125
39	767	2.86221
39	771	2.84529
39	780	2.94247
39	800	3.08893
39	805	3.09454
40	171	2.10457
40	270	2.41631
40	352	2.55355
40	373	3.2358
40	405	3.27601
40	482	3.07632
40	885	1.69595
41	47	2.01365
41	189	2.10455
41	414	2.53742
41	581	3.20164
41	628	3.31158
41	667	3.50673
41	899	2.45399
42	553	2.41198
42	611	0.131481
42	833	1.89505
42	901	3.15981
42	903	3.55622
42	922	3.92003
42	927	4.05937
43	87	1.85203
43	368	0.296034
43	838	1.44533
43	905	3.13178
43	930	3.48258
43	957	4.07917
43	970	4.55738
44	1	2.4064
44	45	2.74537
44	115	2.82252
44	277	2.5665
44	316	3.20514
44	390	2.92319
44	811	11.0304
45	44	2.74537
45	115	2.82972
45	155	2.37756
45	277	2.57369
45	316	3.21233
45	390	2.93039
45	903	8.42468
46	902	0.365328
46	940	1.63293
46	958	2.32494
46	967	2.75132
46	983	3.07689
46	989	3.10808
46	999	3.41794
47	41	2.01365
47	53	1.85085
47	317	1.91572
47	526	2.64735
47	559	2.7807
47	641	2.68463
47	667	2.77712
48	38	2.7318
48	65	2.31261
48	127	2.31933
48	250	3.01957
48	409	2.95259
48	555	3.33417
48	995	5.02347
49	496	2.29772
49	550	2.43659
49	573	2.74301
49	589	2.58441
49	643	3.08333
49	726	3.52438
49	730	7.63675
50	253	2.39256
50	416	2.65961
50	420	3.01187
50	428	2.65954
50	440	2.95182
50	444	2.99386
50	616	5.23832
51	132	2.82782
51	222	2.60878
51	289	2.64544
51	336	2.79254
51	346	2.82694
51	411	2.96866
51	966	10.7172
52	58	1.90221
52	192	2.34441
52	488	2.78072
52	553	3.47124
52	558	3.05143
52	636	3.12071
52	788	9.62341
53	47	1.85085
53	57	1.69977
53	424	3.16228
53	559	3.34751
53	628	3.14879
53	666	3.2795
53	667	3.34393
54	824	0.406051
54	836	0.748539
54	926	3.02761
54	935	2.96222
54	945	3.1074
54	949	3.18178
54	954	3.3341
55	29	1.88761
55	239	2.07759
55	268	2.03887
55	338	2.7498
55	358	2.16683
55	437	2.76926
55	465	2.98014
56	421	0.192599
56	791	2.48671
56	794	2.71677
56	808	2.64183
56	812	2.86335
56	825	2.7997
56	856	3.09077
57	53	1.69977
57	526	2.49627
57	581	2.32095
57	628	2.43089
57	641	2.53355
57	666	2.56161
57	667	2.62604
58	52	1.90221
58	145	1.59833
58	192	1.9887
58	558	2.69572
58	579	2.49913
58	636	2.765
58	650	3.21935
59	66	2.50645
59	197	2.77566
59	199	2.74446
59	204	2.62934
59	408	3.00851
59	433	3.00857
59	888	2.81891
60	117	1.73584
60	219	1.83572
60	262	1.95201
60	461	2.93156
60	464	2.94643
60	529	2.62837
60	548	2.64158
61	891	4.82948
61	905	1.86038
61	915	1.84922
61	957	2.80777
61	970	3.28598
61	972	3.45295
61	974	3.50979
62	783	1.01325
62	887	2.50585
62	901	2.75543
62	903	3.15184
62	927	3.65499
62	934	3.66395
62	998	0.686051
63	402	1.38169
63	623	1.98458
63	657	2.23405
63	679	2.50251
63	747	2.78751
63	753	2.83834
63	765	2.94099
64	341	0.208477
64	708	2.21803
64	751	2.58341
64	767	2.8401
64	771	2.82318
64	780	2.92036
64	805	3.07243
65	48	2.31261
65	127	1.85284
65	165	2.35226
65	250	2.55308
65	298	2.24885
65	409	2.4861
65	555	2.86768
66	11	2.19773
66	59	2.50645
66	197	2.88737
66	273	2.83726
66	408	3.12023
66	433	3.12029
66	968	4.92917
67	448	0.214486
67	732	1.94656
67	794	2.79299
67	808	2.71805
67	812	2.93957
67	825	2.87592
67	856	3.16699
68	6	1.64455
68	218	1.96856
68	294	2.30872
68	394	2.21526
68	525	2.90699
68	533	2.5955
68	568	3.02941
69	81	2.10515
69	83	2.13574
69	163	2.21159
69	193	2.59793
69	200	2.25942
69	349	2.41264
69	388	2.94609
70	900	1.43306
70	926	2.47791
70	935	2.41253
70	945	2.5577
70	947	2.49472
70	949	2.63209
70	954	2.7844
71	472	0.281875
71	718	1.40433
71	740	1.96546
71	792	2.73501
71	845	3.14597
71	853	3.01889
71	917	4.11747
72	309	0.119913
72	699	1.95962
72	704	2.10822
72	815	3.16001
72	823	2.99505
72	827	2.90362
72	874	3.42403
73	128	2.66792
73	165	2.68507
73	180	2.62295
73	298	2.58167
73	311	2.91379
73	555	3.2005
73	884	6.98412
74	288	0.201575
74	887	1.96644
74	903	2.61244
74	918	2.989
74	922	2.97625
74	927	3.11558
74	934	3.12454
75	147	2.21593
75	253	2.07092
75	281	2.34745
75	416	2.33798
75	420	2.69023
75	428	2.3379
75	444	2.67222
76	118	2.25998
76	202	2.04908
76	323	2.23351
76	383	2.41073
76	413	2.41066
76	449	2.41064
76	503	2.89668
77	600	4.68722
77	649	1.8741
77	751	2.64838
77	771	2.88814
77	780	2.98532
77	800	3.13178
77	805	3.13739
78	257	0.491234
78	585	1.81887
78	595	1.85484
78	727	2.40664
78	795	3.08175
78	835	3.3996
78	862	3.6179
79	496	1.84101
79	507	2.1258
79	550	1.97988
79	602	2.57983
79	643	2.62662
79	670	2.44741
79	726	3.06766
80	327	1.33419
80	365	1.36678
80	584	2.48823
80	600	2.66046
80	612	2.82165
80	685	2.99951
80	696	2.9996
81	69	2.10515
81	83	2.19166
81	88	2.1343
81	163	2.2675
81	193	2.65384
81	200	2.31533
81	388	3.002
82	541	1.90903
82	570	2.147
82	599	2.36937
82	625	2.36318
82	635	2.36318
82	660	2.75861
82	669	2.75864
83	69	2.13574
83	81	2.19166
83	88	2.16489
83	163	2.29809
83	200	2.34592
83	349	2.49914
83	388	3.03259
84	629	1.30092
84	715	2.00136
84	758	2.62529
84	840	3.15878
84	882	4.19316
84	895	3.66189
84	910	3.91482
85	125	2.55142
85	171	2.38841
85	188	2.66467
85	352	2.83739
85	375	2.86285
85	482	3.36016
85	849	12.5
86	29	1.79654
86	113	2.35516
86	239	1.98652
86	338	2.65872
86	385	2.30618
86	437	2.67819
86	465	2.88906
87	43	1.85203
87	906	1.05363
87	964	2.84939
87	968	3.02166
87	969	2.95153
87	987	3.36291
87	990	3.46876
88	81	2.1343
88	83	2.16489
88	94	2.42234
88	163	2.24073
88	200	2.28856
88	349	2.44179
88	388	2.97523
89	408	3.16228
89	816	2.46144
89	826	2.43825
89	868	2.60531
89	871	2.4483
89	885	3.07304
89	913	3.63827
90	34	2.06013
90	295	2.89318
90	300	2.62577
90	312	2.43486
90	314	2.96744
90	605	3.68909
90	777	9.62341
91	1	2.12299
91	115	2.53912
91	155	2.08696
91	157	2.07594
91	277	2.2831
91	316	2.92173
91	390	2.63979
92	937	1.46852
92	956	1.93987
92	963	2.22446
92	968	2.59069
92	969	2.52056
92	987	2.93193
92	990	3.03779
93	570	2.11306
93	583	2.11301
93	599	2.33543
93	625	2.32924
93	635	2.32924
93	660	2.72467
93	669	2.72471
94	35	2.70113
94	88	2.42234
94	96	1.85203
94	163	2.55554
94	193	2.94188
94	349	2.75659
94	388	3.29004
95	443	1.82249
95	506	0.324931
95	739	2.27471
95	749	2.45599
95	778	2.68488
95	844	3.33402
95	879	3.77332
96	94	1.85203
96	587	1.18132
96	658	1.81405
96	831	3.15442
96	852	3.39806
96	858	3.41779
96	861	3.70134
97	25	1.85203
97	748	1.74304
97	810	2.34409
97	889	3.04831
97	891	3.2466
97	894	3.14615
97	898	3.1373
98	116	1.91427
98	117	1.92468
98	140	1.78576
98	377	2.64515
98	486	2.75498
98	529	2.81721
98	548	2.83042
99	23	1.50224
99	407	2.18976
99	553	2.79421
99	579	2.17782
99	622	2.66522
99	636	2.44369
99	650	2.89803
100	537	1.25896
100	661	1.80273
100	709	2.42262
100	760	2.81235
100	770	2.65389
100	777	2.88796
100	787	2.83004
101	493	2.10514
101	756	2.50408
101	808	2.84272
101	812	3.06424
101	825	3.00058
101	856	3.29165
101	978	14.1953
102	595	1.81998
102	654	1.91247
102	762	2.81074
102	806	3.1784
102	835	3.36474
102	862	3.58304
102	918	9.70726
103	662	1.12579
103	756	2.20743
103	791	2.39094
103	794	2.62101
103	812	2.76759
103	825	2.70393
103	856	2.995
104	798	10.3189
104	900	1.89348
104	933	2.78978
104	935	2.87295
104	945	3.01812
104	947	2.95513
104	954	3.24482
105	571	0.722138
105	608	1.21287
105	773	2.39277
105	793	2.58763
105	844	3.03504
105	867	3.24207
105	879	3.47434
106	698	3.94475
106	732	3.93984
106	756	1.92675
106	791	2.03306
106	808	2.18818
106	856	2.63712
106	915	18.9571
107	23	1.85203
107	241	2.33149
107	324	2.89334
107	383	2.74024
107	413	2.74016
107	449	2.74014
107	503	3.22618
108	779	1.85679
108	816	2.17277
108	817	2.02388
108	868	2.31664
108	871	2.15963
108	885	2.78437
108	913	3.3496
109	301	1.80932
109	317	1.99778
109	414	1.88987
109	581	2.55409
109	641	2.76669
109	666	2.79475
109	667	2.85918
110	570	2.18858
110	583	2.18853
110	588	1.88288
110	625	2.40475
110	635	2.40475
110	660	2.80019
110	669	2.80022
111	530	4.15692
111	926	2.76493
111	933	2.61638
111	935	2.69954
111	945	2.84472
111	947	2.78173
111	954	3.07142
112	557	0.0561528
112	779	2.37485
112	797	2.17274
112	816	2.69082
112	826	2.66764
112	868	2.8347
112	913	3.86765
113	29	2.45644
113	86	2.35516
113	268	2.6077
113	358	2.73565
113	385	2.96608
113	465	3.54896
113	839	11.7576
114	27	1.3292
114	550	2.12163
114	573	2.42804
114	589	2.26945
114	602	2.72158
114	670	2.58916
114	726	3.20941
115	17	3.02605
115	44	2.82252
115	45	2.82972
115	91	2.53912
115	157	2.44369
115	390	3.00754
115	535	4.15692
116	98	1.91427
116	117	1.76506
116	307	2.0932
116	464	2.97564
116	486	2.59536
116	529	2.65759
116	548	2.67079
117	60	1.73584
117	98	1.92468
117	116	1.76506
117	461	2.97119
117	464	2.98606
117	486	2.60577
117	548	2.6812
118	76	2.25998
118	323	2.64323
118	383	2.82045
118	413	2.82038
118	449	2.82035
118	503	3.30639
118	505	3.64829
119	836	3.30015
119	960	2.15625
119	971	2.61978
119	973	2.61232
119	981	2.90816
119	988	3.1368
119	993	3.31147
120	984	1.96615
120	992	2.33126
120	994	2.41722
120	995	2.48285
120	996	2.41766
120	998	2.6303
120	1000	2.57576
121	423	0.999502
121	564	1.85588
121	709	2.53538
121	723	2.41031
121	760	2.92511
121	777	3.00072
121	787	2.9428
122	759	0.051847
122	928	1.72634
122	964	2.70402
122	968	2.87629
122	969	2.80616
122	987	3.21754
122	990	3.3234
123	300	1.90139
123	314	2.24305
123	319	2.29608
123	417	2.16571
123	476	2.34163
123	527	2.75779
123	605	2.96471
124	12	1.17209
124	504	2.37755
124	519	2.26906
124	520	2.28809
124	530	2.65158
124	580	3.1147
124	597	2.79657
125	85	2.55142
125	188	1.91585
125	270	1.95133
125	352	2.08857
125	373	2.77081
125	441	2.77532
125	482	2.61133
126	396	0.050821
126	610	1.05809
126	816	2.75483
126	817	2.60594
126	868	2.8987
126	885	3.36643
126	913	3.93166
127	38	2.27203
127	48	2.31933
127	65	1.85284
127	180	2.29686
127	250	2.5598
127	409	2.49283
127	555	2.87441
128	21	2.25027
128	73	2.66792
128	178	2.68228
128	298	2.73784
128	409	2.97509
128	555	3.35667
128	834	2.13924
129	11	1.75652
129	197	2.44616
129	199	2.41497
129	204	2.29985
129	273	2.39605
129	408	2.67902
129	433	2.67908
130	839	0.406746
130	900	1.79082
130	933	2.68713
130	945	2.91546
130	947	2.85248
130	949	2.98985
130	954	3.14216
131	663	0.848653
131	724	1.24919
131	779	2.33737
131	817	2.50445
131	826	2.63016
131	885	3.26494
131	913	3.83017
132	51	2.82782
132	222	2.57391
132	329	2.78492
132	336	2.75767
132	346	2.79208
132	411	2.9338
132	457	3.64829
133	33	1.45512
133	275	1.72476
133	521	3.18555
133	558	4.68722
133	584	3.09345
133	685	3.60473
133	696	3.60482
134	510	0.186893
134	740	1.53609
134	792	2.30564
134	845	2.7166
134	866	2.76932
134	908	3.4642
134	917	3.6881
135	544	0.899498
135	629	1.11733
135	651	1.56031
135	796	2.903
135	840	2.9752
135	895	3.47831
135	910	3.73123
136	673	1.87416
136	751	2.69466
136	767	2.95135
136	771	2.93442
136	780	3.03161
136	800	3.17807
136	985	4.36929
137	206	1.61295
137	507	2.65808
137	589	2.65998
137	643	3.1589
137	670	2.97969
137	726	3.59994
137	865	5.47628
138	469	0.399874
138	712	1.88035
138	774	2.35854
138	831	2.74376
138	852	2.9874
138	858	3.00712
138	861	3.29068
139	196	0.316546
139	633	2.0321
139	654	1.92098
139	729	2.38439
139	795	3.0554
139	835	3.37325
139	862	3.59156
140	98	1.78576
140	152	1.66528
140	461	2.83226
140	464	2.84713
140	486	2.46684
140	529	2.52907
140	548	2.54228
141	644	0.378878
141	680	0.301371
141	854	1.79283
141	859	1.95377
141	948	3.33247
141	979	4.35118
141	986	4.56794
142	960	1.69736
142	966	2.03203
142	971	2.1609
142	978	2.51848
142	981	2.44927
142	988	2.67791
142	997	3.22124
143	900	1.4561
143	926	2.50095
143	933	2.35241
143	935	2.43557
143	945	2.58075
143	949	2.65513
143	954	2.80745
144	991	2.10071
144	992	2.30919
144	994	2.39514
144	995	2.46078
144	996	2.39559
144	998	2.60822
144	1000	2.55368
145	58	1.59833
145	238	1.52875
145	454	1.93796
145	488	2.47685
145	622	3.03837
145	636	2.81683
145	650	3.27118
146	183	2.49832
146	286	2.2331
146	289	2.22285
146	329	2.3972
146	336	2.36995
146	346	2.40435
146	411	2.54607
147	75	2.21593
147	149	1.85203
147	253	2.55162
147	416	2.81867
147	428	2.8186
147	440	3.11088
147	444	3.15292
148	544	0.938484
148	758	2.48068
148	796	2.94199
148	840	3.01418
148	895	3.51729
148	910	3.77021
148	984	5.92159
149	147	1.85203
149	645	1.08193
149	678	1.68572
149	778	2.82665
149	844	3.47579
149	867	3.68282
149	879	3.91509
150	215	1.24496
150	484	1.63115
150	675	2.39877
150	711	2.54941
150	747	2.88007
150	753	2.9309
150	765	3.03355
151	361	2.7
151	929	2.39838
151	941	2.04668
151	957	2.62588
151	970	3.10408
151	972	3.27106
151	974	3.32789
152	140	1.66528
152	262	2.02037
152	307	2.13234
152	377	2.52466
152	461	2.99992
152	486	2.6345
152	529	2.69673
153	980	1.95228
153	984	2.11183
153	991	2.26848
153	994	2.5629
153	995	2.62854
153	996	2.56335
153	1000	2.72144
154	975	1.7821
154	980	1.97136
154	991	2.28756
154	994	2.58198
154	995	2.64762
154	998	2.79506
154	1000	2.74052
155	1	2.03859
155	17	2.57389
155	45	2.37756
155	91	2.08696
155	277	2.19869
155	316	2.83733
155	390	2.55539
156	418	0.849401
156	712	2.05683
156	721	2.03693
156	768	2.53905
156	774	2.53502
156	858	3.1836
156	861	3.46716
157	1	2.02756
157	17	2.56287
157	91	2.07594
157	115	2.44369
157	277	2.18767
157	316	2.8263
157	390	2.54436
158	317	1.99307
158	369	1.70534
158	498	2.18505
158	526	2.7247
158	559	2.85805
158	581	2.54938
158	628	2.65932
159	253	2.01151
159	281	2.28803
159	416	2.27856
159	420	2.63081
159	428	2.27848
159	440	2.57077
159	444	2.6128
160	10	0.986604
160	162	1.85203
160	249	0.429311
160	797	3.09993
160	826	3.59483
160	868	3.76189
160	913	4.79484
161	695	1.1495
161	721	1.73789
161	768	2.24001
161	831	2.62121
161	852	2.86484
161	858	2.88457
161	861	3.16813
162	160	1.85203
162	282	1.49123
162	584	2.72995
162	600	2.90218
162	612	3.06337
162	685	3.24123
162	696	3.24132
163	35	2.51953
163	69	2.21159
163	81	2.2675
163	83	2.29809
163	88	2.24073
163	94	2.55554
163	349	2.57499
164	601	1.8156
164	607	0.93826
164	651	1.51972
164	758	2.40111
164	796	2.86241
164	895	3.43772
164	910	3.69064
165	65	2.35226
165	73	2.68507
165	167	1.85203
165	180	2.79628
165	298	2.75499
165	311	3.08711
165	409	2.99224
166	435	1.02992
166	649	1.99693
166	673	1.9507
166	708	2.40582
166	751	2.7712
166	800	3.25461
166	805	3.26022
167	165	1.85203
167	215	1.56437
167	675	2.71818
167	679	2.91449
167	711	2.86882
167	753	3.25032
167	765	3.35297
168	749	1.80413
168	773	2.03989
168	782	1.89455
168	793	2.23475
168	844	2.68216
168	867	2.88918
168	879	3.12146
169	684	1.78637
169	699	1.79364
169	704	1.94224
169	735	2.21829
169	815	2.99403
169	832	2.67811
169	874	3.25805
170	724	1.44593
170	779	2.53411
170	789	9.62341
170	826	2.82689
170	868	2.99395
170	871	2.83694
170	913	4.02691
171	2	1.85815
171	40	2.10457
171	85	2.38841
171	373	2.6078
171	405	2.64801
171	441	2.61231
171	482	2.44833
172	720	2.1522
172	759	8.94427
172	767	2.79776
172	771	2.78084
172	780	2.87803
172	800	3.02449
172	805	3.0301
173	940	1.32898
173	958	2.02099
173	965	2.19204
173	967	2.44737
173	983	2.77294
173	989	2.80413
173	999	3.11399
174	926	2.35104
174	933	2.2025
174	935	2.28566
174	945	2.43084
174	947	2.36785
174	949	2.50522
174	954	2.65754
175	639	0.0796653
175	745	1.39408
175	865	2.70544
175	878	2.55109
175	896	2.78579
175	925	3.53439
175	944	3.62402
176	851	1.67561
176	860	1.69607
176	875	2.07864
176	893	2.38931
176	920	2.91574
176	923	2.89382
176	931	3.01525
177	454	1.9893
177	558	2.79889
177	579	2.60231
177	622	3.08971
177	636	2.86817
177	650	3.32252
177	926	1.66486
178	21	2.10844
178	128	2.68228
178	250	2.90025
178	311	2.92814
178	409	2.83327
178	555	3.21485
178	901	16.4317
179	438	0.808031
179	621	0.528095
179	733	1.43003
179	851	2.82625
179	860	2.8467
179	920	4.06637
179	931	4.16588
180	38	2.70933
180	73	2.62295
180	127	2.29686
180	165	2.79628
180	409	2.93012
180	555	3.3117
180	960	4.76508
181	938	0.862497
181	960	1.83859
181	978	2.65971
181	981	2.59049
181	982	2.62166
181	988	2.81914
181	997	3.36246
182	541	1.90906
182	583	2.14699
182	599	2.3694
182	625	2.36321
182	635	2.36321
182	660	2.75864
182	669	2.75868
183	146	2.49832
183	286	2.71392
183	289	2.70368
183	329	2.87802
183	336	2.85077
183	411	3.0269
183	490	3.64829
184	275	1.66966
184	327	1.88431
184	521	3.13045
184	600	3.21057
184	612	3.37177
184	685	3.54962
184	696	3.54972
184	782	9.62341
185	816	2.65902
185	817	2.51013
185	826	2.63583
185	868	2.80289
185	871	2.64588
185	885	3.27062
185	913	3.83585
185	918	10.118
186	783	1.04237
186	887	2.53497
186	897	2.76474
186	903	3.18096
186	918	3.55752
186	925	5.83422
186	927	3.68411
186	934	3.69307
187	975	1.97994
187	980	2.16919
187	984	2.32875
187	991	2.48539
187	995	2.84545
187	996	2.78026
187	998	2.9929
187	1000	2.93835
188	2	2.13441
188	85	2.66467
188	125	1.91585
188	373	2.88406
188	375	2.22728
188	405	2.92427
188	441	2.88857
188	482	2.72459
189	41	2.10455
189	317	2.00662
189	498	2.19859
189	526	2.73825
189	559	2.8716
189	641	2.77553
189	666	2.80359
189	667	2.86801
190	260	1.73184
190	431	1.94549
190	460	2.58476
190	504	2.55262
190	520	2.46317
190	530	2.82665
190	580	3.28977
190	597	2.97165
191	499	0.801953
191	632	1.93313
191	684	2.26806
191	741	2.52952
191	754	2.82404
191	775	2.7985
191	815	3.47573
191	874	3.73975
192	52	2.34441
192	58	1.9887
192	398	2.7412
192	488	2.86721
192	553	3.55773
192	632	5.23832
192	636	3.2072
192	650	3.66155
193	35	2.90587
193	69	2.59793
193	81	2.65384
193	94	2.94188
193	197	2.26274
193	200	2.80811
193	349	2.96133
193	388	3.49478
194	661	1.99074
194	682	2.49221
194	697	2.1153
194	709	2.61063
194	719	2.4029
194	722	2.68362
194	760	3.00036
194	777	3.07597
195	224	1.07991
195	367	1.25783
195	590	1.4441
195	601	2.66226
195	631	1.85039
195	758	3.24777
195	895	4.28438
195	910	4.5373
196	139	0.316546
196	654	1.87289
196	729	2.33629
196	764	2.82654
196	795	3.00731
196	806	3.13882
196	835	3.32516
196	862	3.54346
197	11	2.46694
197	59	2.77566
197	66	2.88737
197	129	2.44616
197	193	2.26274
197	204	3.01027
197	408	3.38944
197	433	3.38949
198	872	0.769507
198	879	1.92332
198	940	2.07332
198	977	3.0823
198	983	3.51728
198	985	3.52661
198	989	3.54847
198	999	3.85833
199	11	2.43575
199	59	2.74446
199	129	2.41497
199	204	2.97907
199	273	3.07527
199	408	3.35824
199	433	3.3583
199	773	8.94427
200	35	2.56736
200	69	2.25942
200	81	2.31533
200	83	2.34592
200	88	2.28856
200	193	2.80811
200	349	2.62282
200	388	3.15626
201	829	0.259848
201	848	0.908527
201	941	2.51865
201	942	2.56032
201	957	3.09785
201	970	3.57605
201	972	3.74303
201	974	3.79986
202	76	2.04908
202	241	2.20081
202	323	2.43234
202	324	2.76266
202	383	2.60956
202	413	2.60948
202	449	2.60946
202	503	3.0955
203	734	1.24485
203	792	2.06317
203	845	2.47413
203	853	2.34705
203	866	2.52685
203	899	3.03778
203	908	3.22173
203	917	3.44563
204	59	2.62934
204	129	2.29985
204	197	3.01027
204	199	2.97907
204	273	2.96015
204	408	3.24312
204	433	3.24318
204	933	4.16079
205	342	1.76534
205	460	2.50885
205	504	2.47671
205	519	2.36823
205	520	2.38726
205	530	2.75074
205	580	3.21386
205	597	2.89574
206	27	1.59787
206	137	1.61295
206	496	2.25142
206	589	2.53811
206	602	2.99024
206	643	3.03703
206	670	2.85782
206	726	3.47807
207	980	2.04453
207	984	2.20409
207	992	2.5692
207	994	2.65516
207	995	2.72079
207	996	2.6556
207	998	2.86824
207	1000	2.81369
208	421	0.482342
208	698	1.76419
208	756	2.59294
208	794	3.00652
208	808	2.93158
208	812	3.1531
208	825	3.08944
208	856	3.38051
209	829	0.781223
209	838	0.985383
209	848	1.4299
209	870	1.47172
209	942	3.0817
209	970	4.09743
209	972	4.2644
209	974	4.32124
210	620	5.23832
210	962	2.36061
210	966	2.51667
210	973	2.63807
210	981	2.93391
210	982	2.96507
210	993	3.33722
210	997	3.70588
211	776	0.00138369
211	884	1.87702
211	900	2.16088
211	933	3.05718
211	945	3.28552
211	947	3.22253
211	949	3.3599
211	954	3.51222
212	975	2.24559
212	982	3.55041
212	991	2.75104
212	992	2.95952
212	994	3.04547
212	996	3.04592
212	998	3.25855
212	1000	3.20401
213	439	3.16228
213	912	1.66374
213	937	2.20877
213	955	2.59188
213	964	3.15867
213	968	3.33094
213	987	3.67219
213	990	3.77805
214	745	1.25091
214	781	1.87562
214	850	2.33709
214	865	2.56228
214	896	2.64262
214	907	2.83211
214	925	3.39123
214	944	3.48086
215	150	1.24496
215	167	1.56437
215	220	2.26274
215	657	3.12361
215	675	3.19577
215	747	3.67707
215	753	3.72791
215	765	3.83056
216	946	1.16188
216	966	2.228
216	973	2.3494
216	978	2.71445
216	982	2.6764
216	988	2.87387
216	993	3.04855
216	997	3.4172
217	962	1.94283
217	971	2.22776
217	973	2.22029
217	978	2.58534
217	982	2.54729
217	988	2.74477
217	993	2.91944
217	997	3.2881
218	6	1.99724
218	19	1.95415
218	68	1.96856
218	242	2.19588
218	294	2.6614
218	525	3.25968
218	533	2.94819
218	568	3.3821
219	60	1.83572
219	262	2.09151
219	307	2.20349
219	377	2.59581
219	461	3.07106
219	464	3.08593
219	486	2.70564
219	548	2.78108
220	215	2.26274
220	733	1.16051
220	809	1.90768
220	851	2.55673
220	893	3.27042
220	920	3.79685
220	923	3.77493
220	931	3.89636
221	680	0.164662
221	801	0.66661
221	802	0.72134
221	919	3.12301
221	943	3.32375
221	959	3.73088
221	979	4.21447
221	986	4.43123
222	51	2.60878
222	132	2.57391
222	286	2.40178
222	289	2.39154
222	329	2.56588
222	336	2.53863
222	346	2.57304
222	411	2.71476
223	909	1.36377
223	940	1.67799
223	958	2.37
223	965	2.54105
223	977	2.68697
223	983	3.12196
223	989	3.15315
223	999	3.46301
224	195	1.07991
224	293	0.932614
224	534	1.74092
224	601	2.99917
224	723	7.63675
224	840	4.11817
224	895	4.62128
224	910	4.87421
225	392	1.98449
225	507	2.28576
225	573	2.44625
225	589	2.28766
225	602	2.73979
225	643	2.78658
225	670	2.60737
225	726	3.22762
226	521	4.15692
226	587	1.43733
226	658	2.07006
226	712	2.54702
226	774	3.02521
226	852	3.65407
226	858	3.6738
226	861	3.95736
227	745	1.62786
227	792	9.62341
227	821	2.18879
227	865	2.93923
227	878	2.78488
227	907	3.20905
227	925	3.76818
227	944	3.8578
228	421	0.720662
228	462	3.64829
228	791	3.01477
228	794	3.24484
228	808	3.16989
228	812	3.39142
228	825	3.32776
228	856	3.61883
229	936	0.89606
229	973	2.32846
229	978	2.69351
229	981	2.62429
229	982	2.65545
229	988	2.85293
229	993	3.0276
229	997	3.39626
230	653	5.80948
230	863	1.04839
230	890	1.3219
230	940	2.61229
230	958	3.3043
230	977	3.62127
230	985	4.06558
230	999	4.3973
231	921	0.459628
231	960	2.21493
231	962	2.39354
231	966	2.5496
231	971	2.67846
231	978	3.03605
231	993	3.37015
231	997	3.7388
232	534	2.48297
232	607	2.86388
232	630	3.13139
232	715	3.51114
232	796	2.32445
232	895	2.89976
232	910	3.15268
232	938	20.7063
233	632	1.47013
233	735	2.23699
233	741	2.06653
233	815	3.01273
233	823	2.84777
233	827	2.75634
233	832	2.69681
233	874	3.27675
234	817	11.0304
234	888	1.21414
234	940	2.26678
234	952	2.42128
234	958	2.9588
234	985	3.72008
234	989	3.74194
234	999	4.0518
235	242	2.3218
235	350	2.77119
235	378	2.61393
235	394	2.69386
235	422	3.16228
235	525	3.3856
235	533	3.07411
235	568	3.50802
236	34	2.06125
236	263	2.27817
236	295	2.8943
236	334	2.7
236	417	2.89122
236	476	3.06713
236	527	3.48329
236	605	3.69021
237	748	1.66639
237	786	2.12239
237	804	2.34573
237	810	2.26744
237	880	2.85966
237	889	2.97166
237	894	3.0695
237	898	3.06065
238	145	1.52875
238	398	2.22942
238	407	2.44149
238	553	3.04595
238	558	2.62614
238	579	2.42955
238	622	2.91696
238	650	3.14977
239	55	2.07759
239	86	1.98652
239	268	2.23905
239	338	2.94998
239	358	2.36701
239	385	2.59744
239	437	2.96944
239	465	3.18032
240	613	0.0291334
240	870	0.932508
240	929	2.85251
240	941	2.50081
240	957	3.08001
240	970	3.55822
240	972	3.72519
240	974	3.78203
241	107	2.33149
241	202	2.20081
241	323	2.38524
241	324	2.71556
241	383	2.56246
241	413	2.56238
241	449	2.56236
241	503	3.0484
242	19	1.82878
242	218	2.19588
242	235	2.3218
242	378	2.36264
242	394	2.44257
242	525	3.13431
242	533	2.82282
242	568	3.25673
243	539	1.04017
243	601	2.1919
243	630	1.58206
243	715	2.15348
243	758	2.7774
243	796	3.23871
243	840	3.3109
243	910	4.06693
244	743	0.841318
244	798	1.62325
244	802	0.97366
244	859	2.06938
244	886	2.33917
244	919	3.37534
244	979	4.46679
244	986	4.68355
245	744	0.137463
245	928	1.97971
245	955	2.3906
245	963	2.76344
245	964	2.95739
245	968	3.12966
245	987	3.47091
245	990	3.57677
246	571	0.918555
246	739	2.17215
246	749	2.35343
246	778	2.58232
246	782	2.44385
246	793	2.78405
246	867	3.43849
246	879	3.67076
247	648	0.114464
247	829	0.50903
247	905	2.39964
247	930	2.75044
247	942	2.8095
247	970	3.82523
247	972	3.99221
247	974	4.04904
248	33	1.21571
248	327	1.70001
248	365	1.73259
248	521	2.94614
248	584	2.85404
248	612	3.18747
248	685	3.36532
248	696	3.36542
249	160	0.429311
249	396	0.529306
249	562	1.47554
249	779	3.23357
249	797	3.03145
249	817	3.40065
249	871	3.5364
249	913	4.72637
250	21	2.46824
250	48	3.01957
250	65	2.55308
250	127	2.5598
250	178	2.90025
250	311	3.28793
250	333	2.7
250	555	3.57464
251	29	2.37013
251	268	2.52138
251	338	3.23231
251	358	2.64934
251	385	2.87977
251	437	3.25177
251	465	3.46265
251	903	8.83539
252	843	0.650821
252	873	1.72194
252	919	2.50053
252	924	2.42559
252	948	2.57328
252	959	3.1084
252	979	3.59199
252	986	3.80875
253	50	2.39256
253	75	2.07092
253	147	2.55162
253	159	2.01151
253	416	2.67367
253	420	3.02592
253	428	2.6736
253	440	2.96588
254	367	1.25414
254	630	2.04874
254	631	1.8467
254	657	5.80948
254	715	2.62016
254	840	3.77758
254	895	4.28069
254	910	4.53362
255	541	2.16886
255	570	2.40683
255	583	2.40678
255	588	2.10113
255	625	2.62301
255	635	2.623
255	660	3.01844
255	669	3.01847
256	608	1.33726
256	703	1.53681
256	749	2.2814
256	782	2.37182
256	793	2.71202
256	844	3.15943
256	867	3.36646
256	879	3.59873
257	78	0.491234
257	585	1.89277
257	633	2.13235
257	727	2.48055
257	762	2.91951
257	806	3.28716
257	835	3.4735
257	862	3.69181
258	781	1.73114
258	850	2.19262
258	865	2.4178
258	878	2.26345
258	896	2.49815
258	907	2.68763
258	925	3.24675
258	944	3.33638
259	534	1.02297
259	590	1.06306
259	601	2.28122
259	630	1.67138
259	758	2.86673
259	840	3.40023
259	895	3.90334
259	910	4.15626
260	190	1.73184
260	342	2.05109
260	431	2.15533
260	460	2.79459
260	504	2.76246
260	519	2.65397
260	530	3.03649
260	597	3.18148
261	644	0.320882
261	811	0.64405
261	886	1.88272
261	919	2.91888
261	924	2.84394
261	959	3.52675
261	979	4.01034
261	986	4.2271
262	60	1.95201
262	152	2.02037
262	219	2.09151
262	307	2.31978
262	377	2.7121
262	461	3.18735
262	464	3.20222
262	529	2.88416
263	236	2.27817
263	295	2.38952
263	300	2.1221
263	314	2.46377
263	417	2.38643
263	476	2.56235
263	527	2.9785
263	605	3.18542
264	696	6.4
264	883	1.14615
264	928	2.37967
264	955	2.79056
264	956	2.87881
264	964	3.35735
264	987	3.87088
264	990	3.97673
265	552	0.190035
265	836	0.868066
265	926	3.14713
265	935	3.08175
265	945	3.22692
265	947	3.16394
265	949	3.30131
265	954	3.45362
266	522	2.17503
266	564	2.40629
266	681	2.69118
266	682	2.96736
266	722	3.15877
266	760	3.47551
266	787	3.4932
266	878	14.0296
267	541	2.10278
267	570	2.34075
267	583	2.34071
267	599	2.56312
267	625	2.55693
267	635	2.55693
267	660	2.95236
267	669	2.9524
268	55	2.03887
268	113	2.6077
268	239	2.23905
268	251	2.52138
268	358	2.32828
268	385	2.55871
268	437	2.93072
268	465	3.14159
269	611	1.771
269	833	1.50431
269	843	11.7576
269	897	2.74926
269	918	3.54205
269	922	3.5293
269	927	3.66863
269	934	3.67759
270	2	2.16989
270	40	2.41631
270	125	1.95133
270	373	2.91954
270	375	2.26276
270	405	2.95975
270	441	2.92405
270	482	2.76007
271	829	2.07119
271	870	2.75551
271	915	2.29204
271	929	3.02309
271	941	2.67139
271	970	3.72879
271	972	3.89577
271	973	14.3039
272	639	5.23832
272	708	2.44118
272	720	2.41768
272	751	2.80656
272	767	3.06325
272	771	3.04632
272	800	3.28997
272	805	3.29558
273	11	2.41682
273	66	2.83726
273	129	2.39605
273	199	3.07527
273	204	2.96015
273	393	3.16228
273	408	3.33932
273	433	3.33938
274	818	1.01675
274	887	2.03595
274	897	2.26572
274	903	2.68194
274	918	3.0585
274	922	3.04576
274	927	3.18509
274	934	3.19405
275	133	1.72476
275	184	1.66966
275	365	1.62362
275	521	2.83717
275	600	2.9173
275	612	3.07849
275	685	3.25635
275	696	3.25644
276	829	0.287115
276	905	2.17772
276	915	2.16656
276	930	2.52852
276	942	2.58759
276	957	3.12512
276	972	3.7703
276	974	3.82713
277	17	2.77003
277	44	2.5665
277	45	2.57369
277	91	2.2831
277	155	2.19869
277	157	2.18767
277	316	3.03346
277	390	2.75152
278	462	0.835228
278	712	2.21319
278	721	2.19329
278	768	2.69541
278	774	2.69138
278	831	3.07661
278	852	3.32024
278	858	3.33997
279	393	0.127555
279	792	2.22299
279	845	2.63394
279	853	2.50687
279	866	2.68667
279	899	3.1976
279	908	3.38155
279	917	3.60544
280	694	0.1492
280	783	0.874155
280	901	2.61633
280	903	3.01274
280	918	3.3893
280	922	3.37656
280	927	3.51589
280	934	3.52485
281	75	2.34745
281	159	2.28803
281	416	2.95019
281	420	3.30244
281	428	2.95012
281	440	3.2424
281	444	3.28444
281	951	5.03084
282	162	1.49123
282	521	2.96715
282	584	2.87504
282	600	3.04727
282	612	3.20847
282	685	3.38632
282	696	3.38642
282	911	2.52071
283	698	1.51928
283	732	1.91517
283	791	2.53154
283	794	2.76161
283	808	2.68666
283	812	2.90819
283	825	2.84453
283	856	3.1356
284	792	1.95871
284	828	1.9751
284	845	2.36967
284	853	2.24259
284	866	2.42239
284	899	2.93332
284	908	3.11727
284	917	3.34117
285	576	0.394566
285	593	0.188747
285	609	0.435954
285	882	3.43368
285	893	3.56381
285	920	4.09024
285	923	4.06832
285	931	4.18975
286	146	2.2331
286	183	2.71392
286	222	2.40178
286	289	2.43845
286	329	2.61279
286	336	2.58555
286	346	2.61995
286	411	2.76167
287	781	2.08303
287	784	1.37163
287	821	2.01925
287	841	2.30082
287	850	2.5445
287	865	2.76969
287	925	3.59864
287	944	3.68827
288	74	0.201575
288	818	1.58147
288	833	1.5855
288	901	2.85025
288	903	3.24667
288	918	3.62323
288	922	3.61048
288	934	3.75878
289	51	2.64544
289	146	2.22285
289	183	2.70368
289	222	2.39154
289	286	2.43845
289	329	2.60255
289	346	2.6097
289	411	2.75143
290	834	0.0102803
290	909	1.70782
290	952	2.17653
290	967	3.14043
290	977	3.03101
290	983	3.466
290	985	3.47533
290	989	3.49719
290	999	3.80705
291	36	0.658496
291	560	1.48977
291	659	1.80246
291	699	2.54082
291	775	3.064
291	815	3.74122
291	823	3.57626
291	832	3.4253
291	874	4.00524
292	693	0.865191
292	842	2.13766
292	851	2.35559
292	860	2.37605
292	875	2.75862
292	882	2.93916
292	920	3.59572
292	923	3.5738
292	931	3.69523
293	224	0.932614
293	629	1.77611
293	631	1.70309
293	651	2.21909
293	715	2.47655
293	758	3.10048
293	796	3.56178
293	895	4.13708
293	910	4.39001
294	68	2.30872
294	218	2.6614
294	350	2.98543
294	378	2.82816
294	394	2.9081
294	525	3.59983
294	533	3.28834
294	568	3.72225
294	965	11.7596
295	90	2.89318
295	236	2.8943
295	263	2.38952
295	312	2.54732
295	417	3.00256
295	476	3.17848
295	527	3.59463
295	605	3.80155
295	928	6.48769
296	494	3.64829
296	730	1.55367
296	781	2.63443
296	837	2.31343
296	841	2.85222
296	878	3.16673
296	896	3.40143
296	925	4.15004
296	944	4.23966
297	491	0.0516291
297	818	1.46888
297	897	2.71786
297	901	2.73767
297	903	3.13408
297	918	3.51064
297	922	3.49789
297	927	3.63723
297	934	3.64619
298	21	2.16401
298	38	2.66804
298	65	2.24885
298	73	2.58167
298	128	2.73784
298	165	2.75499
298	311	2.9837
298	409	2.88883
298	555	3.27042
299	495	3.64829
299	798	1.58124
299	854	1.86643
299	859	2.02737
299	886	2.29716
299	943	3.53406
299	959	3.94119
299	979	4.42478
299	986	4.64154
300	90	2.62577
300	123	1.90139
300	263	2.1221
300	312	2.27991
300	319	2.86551
300	417	2.73515
300	476	2.91107
300	527	3.32722
300	605	3.53414
301	109	1.80932
301	369	2.07121
301	414	2.25103
301	498	2.55092
301	526	3.09057
301	559	3.22392
301	628	3.02519
301	641	3.12785
301	666	3.15591
302	824	11.0304
302	890	0.945621
302	909	1.92179
302	965	3.09906
302	977	3.24499
302	983	3.67997
302	985	3.6893
302	989	3.71116
302	999	4.02102
303	410	0.500107
303	647	1.1243
303	663	1.71663
303	724	2.11717
303	797	3.00323
303	826	3.49813
303	871	3.50818
303	885	4.13292
303	913	4.69815
304	535	1.33046
304	673	2.02144
304	708	2.47656
304	720	2.45306
304	767	3.09862
304	771	3.0817
304	780	3.17888
304	800	3.32535
304	805	3.33096
305	633	2.08193
305	652	1.81453
305	702	2.20276
305	727	2.43013
305	762	2.86908
305	764	2.92446
305	795	3.10523
305	806	3.23674
305	862	3.64139
306	700	1.66349
306	707	1.59525
306	786	2.46454
306	788	2.24909
306	804	2.68789
306	889	3.31382
306	891	3.51211
306	894	3.41165
306	898	3.4028
307	116	2.0932
307	152	2.13234
307	219	2.20349
307	262	2.31978
307	461	3.29933
307	464	3.3142
307	486	2.93391
307	529	2.99614
307	548	3.00934
308	639	1.35387
308	692	1.22767
308	714	1.47112
308	781	3.29298
308	800	10.3189
308	850	3.75446
308	896	4.05999
308	907	4.24947
308	944	4.89822
309	72	0.119913
309	684	2.20314
309	735	2.63506
309	754	2.75911
309	815	3.4108
309	823	3.24584
309	827	3.15441
309	832	3.09488
309	874	3.67482
310	311	2.7
310	665	1.62013
310	786	2.84356
310	788	2.62811
310	810	2.98862
310	819	2.96715
310	880	3.58083
310	891	3.89113
310	898	3.78182
311	21	2.49613
311	38	3.00016
311	73	2.91379
311	165	3.08711
311	178	2.92814
311	250	3.28793
311	298	2.9837
311	310	2.7
311	555	3.60253
312	90	2.43486
312	295	2.54732
312	300	2.27991
312	314	2.62157
312	319	2.67459
312	417	2.54423
312	476	2.72015
312	527	3.1363
312	605	3.34323
313	578	1.21351
313	783	1.5192
313	818	1.99259
313	825	11.0304
313	901	3.26137
313	918	4.03434
313	922	4.0216
313	927	4.16093
313	934	4.16989
314	90	2.96744
314	123	2.24305
314	263	2.46377
314	312	2.62157
314	319	3.20717
314	476	3.25273
314	527	3.66889
314	605	3.87581
314	945	8.00905
315	316	2.7
315	447	0.433848
315	718	1.72358
315	792	3.05426
315	828	3.07066
315	853	3.33814
315	899	4.02888
315	908	4.21283
315	917	4.43672
316	1	2.87336
316	44	3.20514
316	45	3.21233
316	91	2.92173
316	155	2.83733
316	157	2.8263
316	277	3.03346
316	315	2.7
316	390	3.39016
317	47	1.91572
317	109	1.99778
317	158	1.99307
317	189	2.00662
317	581	3.10371
317	628	3.21365
317	641	3.31631
317	666	3.34437
317	667	3.4088
318	319	2.7
318	938	1.50477
318	960	2.48086
318	966	2.81553
318	981	3.23277
318	982	3.26393
318	988	3.46141
318	993	3.63608
318	997	4.00473
319	34	2.29987
319	123	2.29608
319	300	2.86551
319	312	2.67459
319	314	3.20717
319	318	2.7
319	476	3.30575
319	527	3.72191
319	605	3.92883
320	321	2.7
320	849	0.401748
320	928	2.58445
320	937	2.61224
320	956	3.08359
320	968	3.73441
320	969	3.66428
320	987	4.07566
320	990	4.18151
321	320	2.7
321	839	1.19234
321	884	2.29256
321	900	2.57642
321	926	3.62127
321	933	3.47272
321	935	3.55589
321	949	3.77544
321	954	3.92776
322	324	2.7
322	912	1.71434
322	955	2.64247
322	956	2.73072
322	963	3.01531
322	968	3.38154
322	969	3.31141
322	987	3.72279
322	990	3.82864
323	76	2.23351
323	118	2.64323
323	202	2.43234
323	241	2.38524
323	324	2.94709
323	383	2.79398
323	413	2.79391
323	449	2.79389
323	503	3.27993
324	107	2.89334
324	202	2.76266
324	241	2.71556
324	322	2.7
324	323	2.94709
324	383	3.12431
324	413	3.12423
324	449	3.12421
324	503	3.61025
325	540	0.973168
325	692	0.890065
325	837	2.63438
325	850	3.41685
325	865	3.64204
325	896	3.72239
325	925	4.47099
325	944	4.56062
325	986	5.04519
326	946	6.99054
326	975	2.7105
326	976	0.977034
326	984	3.05931
326	992	3.42443
326	994	3.51038
326	995	3.57602
326	996	3.51083
326	1000	3.66892
327	80	1.33419
327	184	1.88431
327	248	1.70001
327	521	3.05182
327	584	2.95972
327	600	3.13195
327	612	3.29314
327	685	3.471
327	696	3.47109
328	648	5.80948
328	799	0.50731
328	888	1.68898
328	909	2.42741
328	952	2.89613
328	967	3.86002
328	983	4.18559
328	989	4.21678
328	999	4.52664
329	132	2.78492
329	146	2.3972
329	183	2.87802
329	222	2.56588
329	286	2.61279
329	289	2.60255
329	336	2.74964
329	346	2.78405
329	411	2.92577
330	683	2.0622
330	684	2.43714
330	754	2.99312
330	775	2.96759
330	815	3.64481
330	823	3.47985
330	827	3.38842
330	832	3.32889
330	847	4.5636
331	332	2.7
331	534	1.75919
331	539	1.86572
331	544	2.06075
331	601	3.01744
331	620	2.4643
331	758	3.60295
331	895	4.63956
331	910	4.89248
332	331	2.7
332	627	0.697258
332	818	1.82419
332	897	3.07317
332	901	3.09297
332	918	3.86595
332	922	3.8532
332	927	3.99254
332	934	4.0015
333	250	2.7
333	459	1.41704
333	649	2.48934
333	708	2.89823
333	720	2.87473
333	767	3.52029
333	780	3.60055
333	800	3.74701
333	805	3.75263
334	236	2.7
334	883	1.16765
334	937	2.42896
334	955	2.81207
334	963	3.18491
334	964	3.37886
334	969	3.48101
334	987	3.89238
334	990	3.99824
335	632	1.72036
335	735	2.48722
335	741	2.31676
335	754	2.61127
335	775	2.58574
335	823	3.098
335	827	3.00657
335	832	2.94704
335	874	3.52698
336	51	2.79254
336	132	2.75767
336	146	2.36995
336	183	2.85077
336	222	2.53863
336	286	2.58555
336	329	2.74964
336	346	2.7568
336	411	2.89852
337	946	1.30583
337	966	2.37195
337	971	2.50082
337	978	2.8584
337	981	2.78919
337	982	2.82035
337	988	3.01783
337	993	3.1925
337	997	3.56115
338	29	2.76
338	55	2.7498
338	86	2.65872
338	239	2.94998
338	251	3.23231
338	339	2.7
338	358	3.03921
338	385	3.26964
338	437	3.64165
339	338	2.7
339	502	1.37042
339	721	2.47693
339	768	2.97905
